000 52 52 9
001 122 52 12
002 192 52 9
003 262 52 12
004 332 52 9
005 402 52 9
006 472 52 12
007 542 52 9
008 612 52 12
009 682 52 9

010 52 92 9
011 332 92 10
012 402 92 10
013 682 92  9
020 52 132 9
021 122 132 12
022 192 132 9
023 262 132 12
024 332 132 9
025 402 132 9
026 472 132 12
027 542 132 9
028 612 132 12
029 682 132 9
030 52 172 12
031 262 172 10
032 332 172 12
033 402 172 12
034 472 172 10
035 682 172 12
040 52 212 12
041 122 212 12
042 332 212 10
043 402 212 10
044 612 212 12
045 682 212 12
050 52 252 12
051 122 252 12
052 192 252 12
053 332 252 10
054 402 252 10
055 542 252 12
056 612 252 12
057 682 252 12

060 52 292 12
061 122 292 12
062 192 292 12
063 262 292 10
064 472 292 10
065 542 292 12
066 612 292 12
067 682 292 12

070 52 332 9
071 122 332 12
072 192 332 9
073 262 332 12
074 332 332 9
075 402 332 9
076 472 332 12
077 542 332 9
078 612 332 12
079 682 332 9
080 52 372 9
081 332 372 10
082 402 372 10
083 682 372  9
090 52 412 9
091 122 412 12
092 192 412 9
093 262 412 12
094 332 412 9
095 402 412 9
096 472 412 12
097 542 412 9
098 612 412 12
099 682 412 9

100 52 52 9
101 122 52 12
102 192 52 9
103 262 52 12
104 372 52 10
105 482 52 12
106 552 52 9
107 622 52 12
108 692 52 9

110 82 92 9
111 152 92 12
112 222 92 9
113 372 92 10
114 522 92 9
115 592 92 12
116 662 92 9

120 112 132 9
121 182 132 12
122 252 132 9
123 372 132 10
124 492 132 9
125 562 132 12
126 632 132 9

130 142 172 9
131 212 172 10
132 282 172 9
133 372 172 10
134 462 172 9
135 532 172 10
136 602 172 9
140 172 212 9
141 242 212 10
142 312 212 10
143 432 212 10
144 502 212 10
045 572 212 9

150 172 252 9
151 242 252 10
152 312 252 10
153 432 252 10
154 502 252 10
155 572 252 9

160 142 292 9
161 212 292 10
162 282 292 9
163 372 292 10
164 462 292 9
165 532 292 10
166 602 292 9

170 112 332 9
171 182 332 12
172 252 332 9
173 372 332 10
174 492 332 9
175 562 332 12
176 632 332 9

180 82 372 9
181 152 372 12
182 222 372 9
183 372 372 10
184 522 372 9
185 592 372 12
186 662 372 9

190 52 412 9
191 122 412 12
192 192 412 9
193 262 412 12
194 372 412 10
195 482 412 12
196 552 412 9
097 622 412 12
098 692 412 9

991 52 212 7
991 52 252 7
991 692 212 7
991 692 252 7

